TS  1    2    2    1    1    1    1    1    1    1    1    0    0 298.6920.00   
    1    1    1    0    0    0  23.00000   0.00000   0.00000   0.00000   0.16800
 -99.000 -99.000 -99.000 -99
 -99.00000 -99.00000 -99.00000  3.808053  0.000593 ! H2O & O3 COLUMNS [GM/CM2]
   36TROPICAL MODEL      
   0.21400   0.16800 180.00000   0.04600   0.00000   0.00000    0
    1    2    1    0
  43.04100  77.69800 -23.07000  74.19250  17.00000   0.00000   0.00000   0.00000
      8325     28615         1         1
    0   0    0.000  0    0.000  0    1.000
